4.069426892
3.99954831
4.011246046
4.07527576
4.016325326
3.977999849
3.922127768
3.904427246
3.888573735
3.90288807
3.88257095
3.903811576
3.92643746
3.963531597
4.058036991
4.10898371
4.112215979
4.094361539
4.059268331
4.061577095
4.062654518
4.073274831
4.062346683
4.053727298
4.040182551
4.064501529
4.040182551
4.040490387
4.027253475
4.062192765
4.050802864
4.062962353
4.011399964
4.001703156
4.077738441
4.064501529
4.053573381
3.993083772
3.939828289
3.923051273
3.886418889
3.858713725
3.844553307
3.82085
3.802841643
3.788989061
3.778522666
3.798993704
3.78714205
3.766671012
3.749432243
3.730500381
3.723728007
3.728807287
3.746507809
3.748508738
3.792067413
3.836395676
3.853018774
3.876414246
4.050956782
4.11529433
4.117757012
4.12360588
4.127145984
4.110522885
4.088820507
4.070350397
4.034487601
3.95060252
3.90288807
3.885803219
3.843475884
3.818079484
3.803149479
3.778984418
3.774059056
3.78591071
3.782216688
3.759436886
3.759436886
3.749586161
3.735887496
3.71849481
3.710029343
3.709259755
3.726344606
3.859791148
4.024021205
4.03833554
4.073582666
4.064193694
4.024329041
4.057113485
4.033410178
4.027869145
4.032794508
4.024790793
4.06126926
4.058344826
4.013862645
4.019403678
4.015863574
4.07527576
4.069119056
4.085896073
4.118988352
4.111600308
4.069888644
4.060499672
4.016940997
4.002010992
3.991544596
3.983540882
3.942290971
3.94105963
3.965070772
4.050187194
3.961684586
3.948601591
3.935826432
3.977384179
3.962762009
3.957528811
4.005705013
4.054342969
3.991852431
3.946292828
3.947832004
3.933979421
4.010938211
4.05742132
4.123913715
4.118218764
4.108214122
4.058036991
4.039874716
3.948293756
3.927514883
3.890112911
3.867487027
3.852403104
3.82592928
3.818849072
3.803765149
3.792375248
3.818079484
3.862715582
3.890882499
3.99446903
3.975075415
4.004473673
4.044030491
4.013400892
3.998009135
4.030947497
4.020019348
4.015555739
3.981693871
3.979539025
4.000779651
3.997239547
3.984618305
3.992775937
3.988158409
3.991852431
4.043260903
4.122990209
4.1299165
4.125452891
4.096824221
4.0765071
3.968764794
3.943368394
3.896115697
3.843937637
3.797916281
3.778830501
3.764670084
3.721573161
3.732963062
3.720649656
3.725113266
3.717571304
3.71464687
3.714492953
3.712953777
3.719418315
3.707720579
3.707104909
3.706181403
3.704334392
3.703410887
3.701102123
3.702179546
3.698793359
3.707104909
3.696330678
3.697254184
3.694791502
3.694175832
4.051572452
4.030023991
